 399 
 13130    28.18   -15.82
 13131    28.00   -16.58
 21178    33.19   133.62
 22101    37.23   126.02
 22102    34.80   125.77
 22103    34.00   127.50
 22104    34.77   128.90
 22105    37.53   130.00
 22106    36.35   129.78
 22107    33.00   126.33
 22108    36.25   125.75
 23091    18.19    89.68
 23093    16.52    88.03
 23094    14.19    82.92
 23095    10.52    94.00
 23097    15.00    68.99
 23100    17.99    89.75
 23173    16.50    70.00
 23459    11.03    86.51
 23460     6.19    85.89
 23495    10.50    72.30
 23496    17.35    70.70
 23498    10.02    88.50
 23499     6.22    85.90
 31051   -25.28   -44.93
 31260   -28.49   -47.53
 31261   -31.54   -49.86
 31374   -28.50   -47.36
 31375   -31.57   -49.87
 32012   -19.62   -85.38
 32487     3.52   -77.74
 32488     6.26   -77.51
 3ERR2    63.40     5.30
 3FYT     71.60    21.10
 41001    34.70   -72.70
 41002    32.38   -75.42
 41004    32.50   -79.10
 41008    31.40   -80.87
 41009    28.50   -80.18
 41010    28.95   -78.47
 41012    30.40   -80.55
 41013    33.44   -77.74
 41025    35.01   -75.40
 41035    34.48   -77.28
 41036    34.21   -76.95
 41040    14.50   -53.02
 41041    14.53   -46.00
 41043    20.99   -65.01
 41044    21.65   -58.70
 41046    23.84   -70.86
 41047    27.47   -71.49
 41048    31.98   -69.64
 41049    27.50   -63.00
 41052    18.25   -64.76
 41053    18.48   -66.10
 41060    14.75   -50.95
 41100    15.90   -57.90
 41101    14.60   -56.20
 41141    17.68   -64.64
 41193    12.35   -72.22
 42001    25.86   -89.67
 42002    25.79   -93.67
 42003    26.03   -85.89
 42012    30.07   -87.56
 42019    27.91   -95.36
 42020    26.95   -96.70
 42035    29.25   -94.41
 42036    28.51   -84.51
 42039    28.80   -86.06
 42040    29.21   -88.21
 42055    22.02   -94.05
 42056    19.87   -85.06
 42057    16.83   -81.50
 42058    14.98   -74.99
 42059    15.01   -67.50
 42060    16.50   -63.50
 42065    14.93   -75.07
 42099    27.34   -84.25
 42360    26.70   -90.46
 42369    27.19   -90.27
 42376    29.11   -87.94
 42392    27.20   -90.03
 42887    28.19   -88.50
 44004    38.50   -70.47
 44005    43.19   -69.16
 44007    43.53   -70.14
 44008    40.50   -69.25
 44009    38.46   -74.70
 44011    41.11   -66.58
 44014    36.61   -74.84
 44017    40.70   -72.00
 44018    41.26   -69.30
 44024    42.31   -65.93
 44025    40.25   -73.17
 44027    44.27   -67.31
 44030    43.18   -70.42
 44032    43.72   -69.36
 44034    44.11   -68.11
 44037    43.48   -67.88
 44038    43.63   -66.55
 44056    36.20   -75.72
 44066    39.58   -72.60
 44097    40.98   -71.12
 44098    42.80   -70.17
 44099    36.91   -75.78
 44100    36.26   -75.59
 44137    42.27   -62.00
 44138    44.26   -53.62
 44139    44.25   -57.08
 44140    42.90   -51.50
 44141    43.00   -58.00
 44150    42.50   -64.01
 44235    47.26   -57.34
 44251    46.44   -53.39
 44255    47.28   -57.35
 46001    56.30  -148.17
 46002    42.58  -130.36
 46004    50.93  -136.10
 46005    46.05  -131.02
 46006    40.84  -137.49
 46011    34.87  -120.86
 46012    37.36  -122.88
 46013    38.24  -123.30
 46014    39.22  -123.97
 46015    42.75  -124.85
 46022    40.76  -124.58
 46026    37.76  -122.84
 46027    41.85  -124.38
 46028    35.74  -121.89
 46029    46.12  -124.51
 46030    40.42  -124.53
 46035    57.05  -177.59
 46036    48.35  -133.94
 46041    47.34  -124.75
 46042    36.75  -122.42
 46047    32.43  -119.53
 46050    44.61  -124.50
 46054    34.27  -120.46
 46059    37.98  -129.95
 46061    60.22  -146.83
 46062    35.10  -121.01
 46063    34.28  -120.67
 46066    52.70  -155.00
 46069    33.65  -120.20
 46070    55.00   175.28
 46071    51.10   179.10
 46072    51.63  -172.16
 46073    54.99  -172.01
 46075    53.93  -160.81
 46076    59.50  -148.00
 46078    56.07  -152.57
 46080    58.00  -150.00
 46082    59.69  -143.42
 46083    58.25  -138.00
 46084    56.59  -136.16
 46085    55.86  -142.56
 46086    32.50  -118.00
 46089    45.88  -125.77
 46114    36.71  -122.34
 46132    49.74  -127.93
 46138    52.44  -129.79
 46145    54.38  -132.45
 46147    51.83  -131.22
 46183    53.62  -131.10
 46184    53.91  -138.85
 46185    52.42  -129.79
 46204    51.37  -128.75
 46205    54.16  -134.28
 46206    48.84  -126.00
 46207    50.87  -129.92
 46208    52.52  -132.68
 46211    46.86  -124.24
 46212    40.75  -124.31
 46213    40.29  -124.74
 46214    37.95  -123.47
 46218    34.45  -120.77
 46219    33.22  -119.88
 46227    32.63  -117.44
 46229    43.40  -124.65
 46232    32.42  -117.33
 46238    33.40  -119.47
 46239    36.34  -122.10
 46243    46.22  -124.13
 46244    40.89  -124.36
 46246    49.98  -145.09
 46247    37.75  -122.83
 46248    46.13  -124.67
 46249    33.82  -119.71
 48400    50.00  -145.00
 51000    23.46  -154.00
 51001    23.43  -162.21
 51002    17.15  -157.79
 51003    19.16  -160.74
 51004    17.52  -152.38
 51028     0.00  -153.91
 51100    23.56  -153.90
 51101    24.32  -162.06
 51200    21.20  -158.30
 51202    21.42  -157.60
 51203    20.80  -157.00
 51204    21.28  -158.12
 52200    13.35   144.79
 52201     7.09   171.40
 55014   -35.70   150.35
 55017   -28.69   153.73
 55018   -30.35   153.27
 55019   -31.83   152.86
 55020   -37.25   150.18
 55022   -34.48   151.03
 55024   -33.77   151.42
 55026   -42.08   145.01
 55028   -16.73   145.71
 55029   -19.16   147.06
 55031   -21.04   149.55
 55032   -21.27   149.31
 55033   -23.31   151.07
 55034   -27.25   153.20
 55035   -27.49   153.63
 55036   -27.96   153.44
 55037   -28.18   153.58
 55039   -38.50   148.18
 55040   -36.10   136.62
 56002   -19.59   116.14
 56004   -30.29   114.91
 56005   -32.11   115.40
 56006   -33.36   114.78
 56007   -21.41   114.94
 56008   -31.98   115.69
 56010   -34.00   121.90
 56011   -35.20   117.72
 56012   -21.70   114.10
 61001    43.40     7.80
 61002    42.10     4.70
 61004    42.93     6.21
 61005    43.06     9.28
 61196    41.92     3.65
 61197    39.70     4.42
 61198    36.50    -2.33
 61199    36.23    -5.03
 61208    37.52    12.53
 61209    38.26    13.33
 61211    39.45    15.92
 61212    40.62     9.89
 61213    40.55     8.11
 61214    40.87    12.95
 61215    40.97    17.38
 61216    42.24    11.55
 61217    42.41    14.54
 61218    43.83    13.72
 61219    43.93     9.83
 61220    45.33    12.52
 61280    40.77     1.47
 61281    39.52     0.21
 61417    37.65    -0.32
 61430    39.55     2.10
 61X00    39.10    24.50
 61X03    40.00    24.70
 61X05    37.50    25.50
 61X07    35.80    24.90
 61X08    36.80    21.60
 61X09    38.00    20.60
 62001    45.20    -5.00
 62023    51.40    -7.90
 62024    43.73    -3.03
 62025    43.75    -6.00
 62026    55.30     1.10
 62029    48.70   -12.40
 62042    53.06     1.11
 62044    51.57     1.58
 62045    56.19    -2.50
 62046    57.97    -3.33
 62047    56.06    -7.06
 62048    57.29    -7.91
 62052    48.50    -5.80
 62060    49.65     0.13
 62064    44.65    -1.45
 62067    46.83    -2.29
 62069    48.29    -4.97
 62074    47.29    -3.29
 62081    51.00   -13.30
 62082    44.07    -7.62
 62083    43.48    -9.22
 62084    42.12    -9.40
 62085    36.48    -6.97
 62087    54.70     6.80
 62090    53.10   -11.20
 62091    53.48    -5.43
 62092    51.20   -10.40
 62093    55.00   -10.00
 62094    51.70    -6.70
 62095    53.06   -15.92
 62103    49.90    -2.90
 62105    55.40   -12.60
 62106    57.00    -9.90
 62107    50.10    -6.10
 62108    53.50   -18.40
 62109    57.00     0.00
 62111    58.10     0.40
 62112    58.70     1.30
 62116    57.70     1.40
 62117    57.90     0.00
 62118    57.70     0.90
 62119    57.00     2.00
 62125    53.80    -3.50
 62126    53.90    -3.60
 62127    54.00     0.70
 62128    58.70     1.40
 62132    56.40     2.00
 62133    57.10     1.00
 62134    58.00     1.40
 62135    54.00    -3.80
 62142    53.00     2.10
 62143    57.70     1.80
 62144    53.40     1.70
 62145    53.10     2.80
 62146    57.10     2.10
 62149    53.70     1.10
 62152    57.00     1.80
 62153    57.30     2.00
 62162    57.40     0.50
 62163    47.50    -8.40
 62164    57.20     0.80
 62165    54.00     1.10
 62170    51.40     2.00
 62287    53.53    -3.35
 62288    50.74     0.75
 62289    53.53     1.05
 62293    54.92    -0.75
 62301    52.40    -4.70
 62303    51.50    -5.10
 62304    51.15     1.80
 62305    50.40     0.00
 62442    49.00   -16.40
 62X20    54.00    -3.43
 63055    60.60     1.70
 63056    59.50     1.60
 63057    59.20     1.50
 63103    61.20     1.10
 63108    60.80     1.70
 63110    59.50     1.50
 63112    61.10     1.00
 63113    61.00     1.70
 63115    61.60     1.30
 64041    60.70    -2.60
 64045    59.10   -11.70
 64046    60.60    -4.90
 64071    68.48    -9.26
 66021    54.88    13.87
 66022    54.10    14.20
 66024    54.70    12.70
 AUK      56.39     2.05
 BRZ01    -8.40   -34.94
 BSH01    55.00     6.33
 BSH02    54.16     7.89
 BSH03    54.00     8.12
 BSH04    54.00     6.58
 BSH05    54.92     8.22
 CNCAL    32.70   -16.70
 EURO     51.99     3.27
 FAWV1    61.77    -5.22
 FAWV2    61.86    -7.45
 FAWV3    62.51    -6.78
 FAWV4    61.30    -6.26
 FARO     36.91    -7.90
 FCHAL    32.60   -16.95
 FLRES    39.36   -31.17
 GRCSA    39.09   -27.96
 K13      53.20     3.22
 KCH10    33.03   134.12
 KCH13    32.38   132.86
 LDWR     66.00     2.00
 LEIXS    41.31    -8.98
 LF3F     64.30     7.80
 LF3J     61.20     2.30
 LF3N     65.30     7.30
 LF4B     60.60     3.70
 LF4C     58.40     1.90
 LF4H     59.60     2.20
 LF5T     66.00     8.10
 LF5U     56.50     3.20
 LFB1     73.55    16.50
 LFB2     74.00    30.00
 LFB3     71.58    28.50
 NZBHd   -41.40   174.85
 NZBan   -43.76   173.34
 PRDVA    38.90   -27.00
 PTDGD    37.73   -25.72
 SINES    37.92    -8.93
 STMRA    36.92   -25.17
 TFBLK    65.60   -25.10
 TFDRN    65.77   -21.12
 TFGRS    66.50   -18.20
 TFGRV    63.82   -22.47
 TFGSK    64.10   -22.90
 TFHFN    64.00   -15.20
 TFKGR    65.66   -13.50
 TFSRT    63.17   -20.35
 TFSTD    66.50   -23.40
 ZSWAV   -35.00    22.20
